54893
3650
47179
40616
28227
23366
67083
56276
54461
44666
43109
68367
9802
10592
43733
37930
9751
57008
63352
61545
57961
34544
51653
70879
34785
7581
12959
59596
3902
72074
49974
66029
54064
20929
38196
15776
7966
61578
30723
29528
59024
52171
11048
10418
5630
42438
39667
68372
22509
23818
908
46058
14078
45960
39317
68831
69291
36971
43444
67296
41537
31946
50374
6065
23371
42943
62305
47813
53866
51903
38221
33406
20452
37884
57816
1332
51452
12231
54264
41669
26180
44922
45382
22319
11923
2808
47026
5424
4706
31826
55387
63147
61988
4909
62502
29715
24594
6110
23589
42163
50567
45156
51123
47999
894
658
31402
44089
7030
50981
11842
48937
18872
7839
35704
56506
36027
31774
67254
15629
3120
15167
32286
71383
45998
48264
15188
3865
64981
12817
50615
2038
48927
69719
16734
62089
20251
29249
61231
41687
28631
68942
61972
52348
11271
29077
54922
6841
53081
27066
23200
47793
6698
53916
64162
22137
59208
113
33210
67655
60112
23759
22447
43734
26812
48113
32697
14122
7182
28744
31215
7828
38225
66371
53453
28787
52981
54472
49423
23413
39477
57351
5568
14532
54116
53121
54128
65444
71431
20118
273
52773
67904
8516
65685
58262
39111
37128
20291
30928
58464
69134
48688
41874
60892
9967
43508
47752
72064
29706
15968
53901
70855
71587
8649
68798
54288
9782
14690
47223
60850
28828
57024
7036
2166
39919
57839
34352
42549
57144
52028
48058
24196
2589
61145
29673
70060
29667
55237
4649
11449
44312
45725
34862
8982
59456
8969
53184
47867
4809
1540
7131
50843
23891
11837
20591
63325
42499
7086
32618
70365
11957
47708
31846
36697
45692
56836
68728
23259
37238
36126
10692
33711
59245
7246
33261
43751
64503
3418
68885
60567
53191
48228
51023
12668
27809
15893
25944
35564
63050
202
21505
72161
71468
39376
1219
33471
52925
38242
44835
67034
21061
59858
37944
49256
5686
33277
37987
38691
13400
70825
40070
46373
28327
25165
28441
28455
25171
30232
37549
29004
63125
37574
59508
71290
53031
24050
29548
2117
36483
68299
16035
44983
57055
70213
64266
35029
36508
68312
55078
61487
63284
20632
51975
23307
49135
53179
57451
63086
63082
11414
14578
47120
40897
1963
34657
33886
32540
71860
40465
7679
5708
65168
24134
33312
61440
38253
65140
4576
57079
65949
22431
13820
11951
65034
2311
8199
61051
25613
67346
72039
22168
36135
49093
31128
31896
34736
60398
16554
51179
48819
41197
19459
54571
55109
49520
3218
12530
71652
44825
20347
59121
24690
14035
6764
9333
40102
57456
47137
22963
17099
21265
6941
42098
4824
27166
8978
49456
53368
56210
45250
51225
19249
52738
23116
16807
31506
833
37956
2104
43755
41630
9
27562
19117
12056
61047
33066
35403
69426
40739
65591
44211
16557
63335
63447
62003
55122
43998
8
5656
61293
8428
198
41962
58599
3435
30816
11600
6571
32783
53194
35577
49682
48563
17701
18426
47122
8776
46572
30382
57300
31913
9303
48591
39368
71310
30358
34658
32995
6434
5
28113
33527
58386
7925
23287
7272
36852
11221
49710
34704
26300
62556
8801
56816
62594
5316
31682
11234
28890
5841
33240
37740
56433
4
41173
7071
55927
37146
1560
25768
50485
68132
71305
49842
46224
58740
47106
42068
9300
48579
63059
948
31290
58226
64534
66337
18004
51376
33295
9076
6
9089
52870
7926
24702
34511
18206
18574
11236
394
7259
6635
38840
343
11587
45868
65574
63886
70636
8816
19870
21337
63110
37541
33914
49712
56632
12716
53762
46838
65039
16955
52871
7
52124
2644
66450
65165
18603
7660
59893
7112
24850
70030
34672
2297
36071
68125
35222
63064
57316
54179
3628
7328
47897
3172
23478
44385
32207
12869
28505
65834
41014
30606
66454
11192
11838
3
18767
55673
11031
44959
33247
15280
3748
1177
16548
5477
32401
53969
31120
47935
30565
24510
13343
16549
14410
45139
10662
15295
43951
30798
23096
2
31525
32004
56582
13753
14982
11622
964
50656
35555
8754
49139
2245
9476
59316
66680
59470
7459
49675
31916
44351
10728
27184
7471
46208
70989
1941
34885
61674
60973
1202
41956
64268
17319
806
4554
15526
63467
64308
21654
37036
51628
20953
7263
17866
32370
69360
37234
1809
71513
26476
24275
33084
45660
25194
9515
16953
30994
70432
41162
48146
35813
46625
1
5918
71116
41758
49462
51946
31081
33682
52526
31794
33801
4693
34161
51262
25534
35727
55951
70247
15554
17343
18702
17419
57997
28616
67101
38411
66223
20262
19178
3063
68959
31804
50222
43538
9599
72068
27041
70119
36616
39243
58865
23569
32303
68743
47978
48478
58657
33579
63428
62736
9942
35
46092
50196
59818
11860
3499
33425
46051
5995
57148
6091
30312
68637
35256
15186
66168
59398
12164
38941
43315
40620
28588
9377
67274
38758
64033
30462
40378
35042
22516
17354
23797
41648
66208
68231
25682
35491
37292
7574
62250
39241
62251
70655
65516
7549
57956
66553
11095
35123
2800
7824
46907
68422
23147
9821
56255
31580
25293
13292
4861
60268
9410
58718
57365
70043
31779
17972
26211
51099
28566
16885
30856
69062
64546
68432
49563
45371
5602
62057
48866
20099
23590
29917
47770
35325
25137
12016
29080
38833
21153
26166
13877
15553
24942
13095
52977
61365
33379
56293
42594
18671
25296
69936
52036
47822
8904
287
35287
70903
3886
6040
56044
10987
34831
33192
21964
48078
65854
28767
11858
34428
49560
12570
37096
57762
43065
30060
19394
22470
52815
2807
68223
4047
58121
70646
64169
65277
23236
7598
19183
60454
45824
6651
18921
24000
19395
43702
15550
56455
59014
58281
57824
26944
7611
43110
4442
40431
50622
5748
14289
23431
66623
17757
9364
55558
